Time_ms id positions_x positions_z rotation_y is_signaling score
13679 0 -4 6 290 0 0
13679 1 72 -93 0 0 0
13779 0 -4 6 290 0 0
13779 1 72 -93 0 0 0
13880 0 -5 6 290 0 0
13880 1 72 -93 0 0 0
13880 2 120 29 0 0 0
13979 0 -5 6 290 0 0
13979 1 72 -93 0 0 0
13979 2 120 29 0 0 0
14079 0 -5 6 290 0 0
14079 1 72 -93 0 0 0
14079 2 120 29 0 0 0
14179 0 -6 6 290 0 0
14179 1 72 -93 0 0 0
14179 2 120 29 0 0 0
14279 0 -6 7 290 0 0
14279 1 72 -93 0 0 0
14279 2 120 29 0 0 0
14380 0 -6 7 290 0 0
14380 1 72 -93 0 0 0
14380 2 120 29 0 0 0
14479 0 -7 7 290 0 0
14479 1 72 -93 0 0 0
14479 2 120 29 0 0 0
14579 0 -7 7 290 0 0
14579 1 72 -93 0 0 0
14579 2 120 29 0 0 0
14679 0 -7 7 290 0 0
14679 1 72 -93 0 0 0
14679 2 120 29 0 0 0
14779 0 -8 7 290 0 0
14779 1 72 -93 0 0 0
14779 2 120 29 0 0 0
14880 0 -8 7 290 0 0
14880 1 72 -93 0 0 0
14880 2 120 29 0 0 0
14979 0 -8 7 290 0 0
14979 1 72 -93 0 0 0
14979 2 120 29 0 0 0
15079 0 -9 8 290 0 0
15079 1 72 -93 0 0 0
15079 2 120 29 0 0 0
15179 0 -9 8 290 0 0
15179 1 72 -93 0 0 0
15179 2 120 29 0 0 0
15279 0 -9 8 290 0 0
15279 1 72 -92 0 0 0
15279 2 120 29 0 0 0
15380 0 -10 8 290 0 0
15380 1 72 -92 0 0 0
15380 2 120 29 0 0 0
15479 0 -10 8 290 0 0
15479 1 72 -91 0 0 0
15479 2 120 29 0 0 0
15579 0 -10 8 290 0 0
15579 1 72 -90 0 0 0
15579 2 120 29 0 0 0
15679 0 -11 8 290 0 0
15679 1 72 -90 0 0 0
15679 2 120 29 0 0 0
15779 0 -11 8 290 0 0
15779 1 72 -89 0 0 0
15779 2 120 29 0 0 0
15880 0 -11 9 290 0 0
15880 1 72 -88 0 0 0
15880 2 120 29 0 0 0
15979 0 -12 9 290 0 0
15979 1 72 -88 0 0 0
15979 2 120 29 0 0 0
16079 0 -12 9 290 0 0
16079 1 72 -87 0 0 0
16079 2 120 29 0 0 0
16180 0 -12 9 290 0 0
16180 1 72 -86 357 0 0
16180 2 120 29 0 0 0
16279 0 -13 9 290 0 0
16279 1 72 -85 350 0 0
16279 2 120 29 0 0 0
16379 0 -13 9 290 0 0
16379 1 72 -85 343 0 0
16379 2 120 29 0 0 0
16479 0 -13 9 290 0 0
16479 1 71 -84 342 0 0
16479 2 120 29 0 0 0
16579 0 -14 9 290 0 0
16579 1 71 -83 342 0 0
16579 2 120 29 0 0 0
16680 0 -14 10 290 0 0
16680 1 71 -83 344 0 0
16680 2 120 29 0 0 0
16779 0 -14 10 290 0 0
16779 1 71 -82 351 0 0
16779 2 120 29 0 0 0
16879 0 -15 10 290 0 0
16879 1 71 -81 356 0 0
16879 2 120 29 0 0 0
16979 0 -15 10 290 0 0
16979 1 71 -81 357 0 0
16979 2 120 29 0 0 0
17079 0 -15 10 290 0 0
17079 1 71 -80 357 0 0
17079 2 120 29 0 0 0
17180 0 -16 10 290 0 0
17180 1 71 -79 357 0 0
17180 2 120 29 0 0 0
17279 0 -16 10 290 0 0
17279 1 71 -79 357 0 0
17279 2 120 29 0 0 0
17379 0 -16 10 290 0 0
17379 1 71 -78 357 0 0
17379 2 120 29 0 0 0
17479 0 -17 11 290 0 0
17479 1 70 -77 357 0 0
17479 2 120 29 0 0 0
17579 0 -17 11 290 0 0
17579 1 70 -77 357 0 0
17579 2 120 29 0 0 0
17680 0 -17 11 290 0 0
17680 1 70 -76 357 0 0
17680 2 120 29 0 0 0
17779 0 -17 11 290 0 0
17779 1 70 -75 357 0 0
17779 2 120 29 0 0 0
17879 0 -18 11 290 0 0
17879 1 70 -74 357 0 0
17879 2 120 29 0 0 0
17979 0 -18 11 290 0 0
17979 1 70 -74 357 0 0
17979 2 120 29 0 0 0
18079 0 -18 11 290 0 0
18079 1 70 -73 357 0 0
18079 2 120 29 3 0 0
18180 0 -19 11 290 0 0
18180 1 70 -72 357 0 0
18180 2 120 30 12 0 0
18279 0 -19 12 290 0 0
18279 1 70 -72 357 0 0
18279 2 120 30 22 0 0
18379 0 -19 12 290 0 0
18379 1 70 -71 357 0 0
18379 2 120 31 38 0 0
18479 0 -20 12 290 0 0
18479 1 70 -70 357 0 0
18479 2 120 32 53 0 0
18579 0 -20 12 290 0 0
18579 1 70 -70 357 0 0
18579 2 121 32 68 0 0
18680 0 -20 12 290 0 0
18680 1 70 -69 357 0 0
18680 2 121 32 79 0 0
18779 0 -21 12 290 0 0
18779 1 70 -68 357 0 0
18779 2 122 32 98 0 0
18879 0 -21 12 290 0 0
18879 1 70 -67 357 0 0
18879 2 123 32 113 0 0
18979 0 -21 12 290 0 0
18979 1 70 -67 357 0 0
18979 2 124 32 128 0 0
19079 0 -22 13 290 0 0
19079 1 70 -66 357 0 0
19079 2 124 32 141 0 0
19180 0 -22 13 290 0 0
19180 1 70 -65 357 0 0
19180 2 125 31 148 0 0
19279 0 -22 13 290 0 0
19279 1 70 -65 357 0 0
19279 2 125 31 152 0 0
19379 0 -23 13 290 0 0
19379 1 70 -64 357 0 0
19379 2 125 30 153 0 0
19479 0 -23 13 290 0 0
19479 1 70 -63 357 0 0
19479 2 126 29 156 0 0
19579 0 -23 13 290 0 0
19579 1 70 -63 357 0 0
19579 2 126 29 160 0 0
19680 0 -24 13 290 0 0
19680 1 70 -62 357 0 0
19680 2 126 28 172 0 0
19779 0 -24 13 290 0 0
19779 1 70 -61 357 0 0
19779 2 126 27 198 1 0
19879 0 -24 14 290 0 0
19879 1 70 -60 357 0 0
19879 2 126 26 213 1 0
19979 0 -25 14 290 0 0
19979 1 70 -60 357 0 0
19979 2 126 26 221 1 0
20079 0 -25 14 240 0 0
20079 1 70 -59 357 0 0
20079 2 125 26 232 1 0
20180 0 -25 13 240 0 0
20180 1 70 -58 357 0 0
20180 2 125 25 250 1 0
20279 0 -25 13 240 0 0
20279 1 69 -58 357 0 0
20279 2 124 25 272 1 0
20379 0 -26 13 240 0 0
20379 1 69 -57 357 0 0
20379 2 123 25 280 1 0
20479 0 -26 13 240 0 0
20479 1 69 -56 357 0 0
20479 2 123 25 293 1 0
20579 0 -26 13 240 0 0
20579 1 69 -56 357 0 0
20579 2 122 25 309 1 0
20680 0 -27 13 240 0 0
20680 1 69 -55 357 0 0
20680 2 122 25 321 1 0
20779 0 -27 13 60 0 0
20779 1 69 -54 357 0 0
20779 2 121 26 333 1 -1
20879 0 -26 13 60 0 0
20879 1 69 -53 357 0 0
20879 2 121 27 333 1 -1
20979 0 -26 13 60 0 0
20979 1 69 -53 357 0 0
20979 2 121 27 329 1 -1
21079 0 -26 13 60 0 0
21079 1 69 -52 357 0 0
21079 2 120 28 321 1 -1
21180 0 -25 13 60 0 0
21180 1 69 -51 357 0 0
21180 2 120 28 311 1 -1
21279 0 -25 14 60 0 0
21279 1 69 -51 357 0 0
21279 2 119 29 295 1 -1
21379 0 -25 14 60 0 0
21379 1 69 -50 357 0 0
21379 2 119 29 284 1 -1
21479 0 -24 14 60 0 0
21479 1 69 -49 357 0 0
21479 2 118 29 277 1 -1
21579 0 -24 14 60 0 0
21579 1 69 -49 357 0 0
21579 2 117 30 274 1 -1
21680 0 -24 14 60 0 0
21680 1 69 -48 357 0 0
21680 2 117 30 274 1 -1
21779 0 -23 14 60 0 0
21779 1 69 -47 357 0 0
21779 2 116 30 274 1 -2
21879 0 -23 15 12 0 0
21879 1 69 -46 357 0 0
21879 2 115 30 274 1 -2
21979 0 -23 15 12 0 0
21979 1 69 -46 357 0 0
21979 2 115 30 272 1 -2
22079 0 -23 15 12 0 0
22079 1 69 -45 357 0 0
22079 2 114 30 267 1 -2
22180 0 -23 15 135 0 0
22180 1 69 -44 357 0 0
22180 2 113 30 255 1 -2
22279 0 -23 15 135 0 0
22279 1 69 -44 357 0 0
22279 2 112 30 248 1 -2
22379 0 -23 15 135 0 0
22379 1 69 -43 357 0 0
22379 2 112 29 246 1 -2
22479 0 -23 15 263 0 0
22479 1 69 -42 357 0 0
22479 2 111 29 246 1 -2
22579 0 -23 15 263 0 0
22579 1 69 -42 357 0 0
22579 2 111 29 246 1 -2
22680 0 -23 14 260 0 0
22680 1 69 -41 357 0 0
22680 2 110 28 246 1 -2
22779 0 -23 14 260 0 0
22779 1 69 -40 357 0 0
22779 2 109 28 246 1 -3
22879 0 -24 14 260 0 0
22879 1 69 -40 357 0 0
22879 2 109 28 246 1 -3
22979 0 -24 14 260 0 0
22979 1 69 -39 357 0 0
22979 2 108 28 246 1 -3
23079 0 -24 14 260 0 0
23079 1 68 -38 357 0 0
23079 2 107 27 246 1 -3
23180 0 -25 14 260 0 0
23180 1 68 -37 357 0 0
23180 2 107 27 246 1 -3
23279 0 -24 14 123 0 0
23279 1 68 -37 357 0 0
23279 2 106 27 246 0 -3
23379 0 -24 14 123 0 0
23379 1 68 -36 357 0 0
23379 2 105 27 246 0 -3
23479 0 -24 14 123 0 0
23479 1 68 -35 357 0 0
23479 2 105 26 246 0 -3
23579 0 -23 13 123 0 0
23579 1 68 -35 357 0 0
23579 2 104 26 246 0 -3
23680 0 -23 13 123 0 0
23680 1 68 -34 357 0 0
23680 2 103 26 246 0 -3
23779 0 -23 13 123 0 0
23779 1 68 -33 357 0 0
23779 2 103 25 246 0 -3
23879 0 -23 13 123 0 0
23879 1 68 -32 357 0 0
23879 2 102 25 246 0 -3
23979 0 -22 13 123 0 0
23979 1 68 -32 357 0 0
23979 2 102 25 246 0 -3
24079 0 -22 12 123 0 0
24079 1 68 -31 357 0 0
24079 2 101 25 246 0 -3
24180 0 -22 12 123 0 0
24180 1 68 -30 357 0 0
24180 2 100 24 241 0 -3
24279 0 -21 12 123 0 0
24279 1 68 -30 357 0 0
24279 2 100 24 233 0 -3
24379 0 -21 12 123 0 0
24379 1 68 -29 357 0 0
24379 2 99 24 220 0 -3
24479 0 -21 12 123 0 0
24479 1 68 -28 357 0 0
24479 2 99 23 207 0 -3
24579 0 -21 11 123 0 0
24579 1 68 -28 357 0 0
24579 2 98 22 196 0 -3
24680 0 -20 11 123 0 0
24680 1 68 -27 357 0 0
24680 2 98 22 182 0 -3
24779 0 -20 11 123 0 0
24779 1 68 -26 357 0 0
24779 2 98 21 168 0 -3
24879 0 -20 11 123 0 0
24879 1 68 -25 357 0 0
24879 2 98 21 158 0 -3
24979 0 -19 11 123 0 0
24979 1 68 -25 357 0 0
24979 2 98 20 139 0 -3
25079 0 -19 10 123 0 0
25079 1 68 -24 357 0 0
25079 2 99 19 129 0 -3
25180 0 -19 10 123 0 0
25180 1 68 -23 357 0 0
25180 2 99 19 123 0 -3
25279 0 -19 10 123 0 0
25279 1 68 -23 357 0 0
25279 2 100 18 121 0 -3
25379 0 -18 10 123 0 0
25379 1 68 -22 357 0 0
25379 2 101 18 121 0 -3
25479 0 -18 10 123 0 0
25479 1 68 -21 357 0 0
25479 2 101 18 128 0 -3
25579 0 -18 9 123 0 0
25579 1 68 -21 357 0 0
25579 2 102 17 139 0 -3
25680 0 -17 9 123 0 0
25680 1 68 -20 357 0 0
25680 2 102 17 153 0 -3
25779 0 -17 9 123 0 0
25779 1 68 -19 357 0 0
25779 2 102 16 163 0 -3
25879 0 -17 9 123 0 0
25879 1 67 -18 357 0 0
25879 2 103 15 182 0 -3
25979 0 -16 9 123 0 0
25979 1 67 -18 357 0 0
25979 2 103 15 197 0 -3
26079 0 -16 9 123 0 0
26079 1 67 -17 357 0 0
26079 2 102 14 209 0 -3
26180 0 -16 8 123 0 0
26180 1 67 -16 357 0 0
26180 2 102 13 217 0 -3
26279 0 -16 8 123 0 0
26279 1 67 -16 357 0 0
26279 2 102 13 220 0 -3
26379 0 -15 8 123 0 0
26379 1 67 -15 357 0 0
26379 2 101 12 220 0 -3
26479 0 -15 8 123 0 0
26479 1 67 -14 357 0 0
26479 2 101 12 220 0 -3
26579 0 -15 8 123 0 0
26579 1 67 -14 357 0 0
26579 2 100 11 220 0 -3
26680 0 -14 7 123 0 0
26680 1 67 -13 357 0 0
26680 2 100 11 220 0 -3
26779 0 -14 7 123 0 0
26779 1 67 -12 357 0 0
26779 2 99 10 220 0 -3
26879 0 -14 7 123 0 0
26879 1 67 -11 357 0 0
26879 2 99 10 220 0 -3
26979 0 -14 7 123 0 0
26979 1 67 -11 357 0 0
26979 2 99 9 220 0 -3
27079 0 -13 7 123 0 0
27079 1 67 -10 357 0 0
27079 2 98 9 220 0 -3
27180 0 -13 6 123 0 0
27180 1 67 -9 357 0 0
27180 2 98 8 220 0 -3
27279 0 -13 6 123 0 0
27279 1 67 -9 357 0 0
27279 2 97 8 227 0 -3
27379 0 -12 6 57 0 0
27379 1 67 -8 357 0 0
27379 2 97 7 238 0 -3
27479 0 -12 6 57 0 0
27479 1 67 -7 357 0 0
27479 2 96 7 245 0 -3
27579 0 -12 6 57 0 0
27579 1 67 -7 357 0 0
27579 2 95 6 248 0 -3
27680 0 -12 7 57 0 0
27680 1 67 -6 357 0 0
27680 2 95 6 249 0 -3
27779 0 -11 7 57 0 0
27779 1 67 -5 357 0 0
27779 2 94 6 249 0 -3
27879 0 -11 7 57 0 0
27879 1 67 -5 357 0 0
27879 2 93 6 249 0 -3
27979 0 -11 7 57 0 0
27979 1 67 -4 357 0 0
27979 2 93 5 249 0 -3
28079 0 -10 7 57 0 0
28079 1 67 -3 357 0 0
28079 2 92 5 249 0 -3
28180 0 -10 8 57 0 0
28180 1 67 -2 357 0 0
28180 2 92 5 249 0 -3
28279 0 -10 8 57 0 0
28279 1 67 -2 357 0 0
28279 2 91 5 249 0 -3
28379 0 -9 8 57 0 0
28379 1 67 -1 357 0 0
28379 2 90 4 254 0 -3
28479 0 -9 8 57 0 0
28479 1 67 0 357 0 0
28479 2 89 4 263 0 -3
28579 0 -9 8 57 0 0
28579 1 67 0 357 0 0
28579 2 89 4 276 0 -3
28680 0 -9 9 57 0 0
28680 1 66 0 357 0 0
28680 2 88 4 288 0 -3
28779 0 -8 9 57 0 0
28779 1 66 1 357 0 0
28779 2 87 4 305 0 -3
28879 0 -8 9 57 0 0
28879 1 66 1 357 0 0
28879 2 87 5 316 0 -3
28979 0 -8 9 57 0 0
28979 1 66 2 357 0 0
28979 2 86 5 322 0 -3
29079 0 -7 9 57 0 0
29079 1 66 3 357 0 0
29079 2 86 6 324 0 -3
29179 0 -7 9 57 0 0
29179 1 66 4 357 0 0
29179 2 86 6 324 0 -3
29279 0 -7 9 80 0 0
29279 1 66 4 357 0 0
29279 2 85 7 324 0 -3
29379 0 -7 9 120 0 0
29379 1 66 5 357 0 0
29379 2 85 8 324 0 -3
29479 0 -6 9 120 0 0
29479 1 66 6 357 0 0
29479 2 84 8 324 0 -3
29579 0 -6 9 120 0 0
29579 1 66 6 357 0 0
29579 2 84 9 322 0 -3
29679 0 -6 9 120 0 0
29679 1 66 7 357 0 0
29679 2 84 9 317 0 -3
29779 0 -6 9 4 0 0
29779 1 66 8 357 0 0
29779 2 83 10 317 0 -3
29879 0 -5 8 186 0 0
29879 1 66 8 357 0 0
29879 2 83 10 317 0 -3
29979 0 -6 8 186 0 0
29979 1 66 9 357 0 0
29979 2 82 11 317 0 -3
30079 0 -6 8 186 0 0
30079 1 66 10 357 0 0
30079 2 82 11 317 0 -3
30179 0 -6 7 186 0 0
30179 1 66 11 357 0 0
30179 2 81 12 317 0 -3
30279 0 -6 7 186 0 0
30279 1 66 11 357 0 0
30279 2 81 12 317 0 -3
30379 0 -6 7 186 0 0
30379 1 66 12 357 0 0
30379 2 80 13 317 0 -3
30479 0 -6 6 186 0 0
30479 1 66 13 357 0 0
30479 2 80 13 317 0 -3
30579 0 -6 6 186 0 0
30579 1 66 13 357 0 0
30579 2 79 14 317 0 -3
30679 0 -6 5 186 0 0
30679 1 66 14 357 0 0
30679 2 79 14 310 0 -3
30779 0 -6 5 186 0 0
30779 1 66 15 357 0 0
30779 2 78 15 298 0 -3
30879 0 -6 5 186 0 0
30879 1 66 15 357 0 0
30879 2 78 15 291 0 -3
30979 0 -6 4 186 0 0
30979 1 66 16 357 0 0
30979 2 77 16 287 0 -3
31079 0 -6 4 186 0 0
31079 1 66 17 357 0 0
31079 2 76 16 286 0 -3
31179 0 -6 4 186 0 0
31179 1 66 18 357 0 0
31179 2 76 16 286 0 -3
31279 0 -6 3 186 0 0
31279 1 66 18 357 0 0
31279 2 75 16 286 0 -3
31379 0 -6 3 186 0 0
31379 1 66 19 357 0 0
31379 2 74 16 286 0 -3
31479 0 -6 3 186 0 0
31479 1 65 20 357 0 0
31479 2 74 17 286 0 -3
31579 0 -6 2 186 0 0
31579 1 65 20 357 0 0
31579 2 73 17 286 0 -3
31679 0 -6 2 186 0 0
31679 1 65 21 357 0 0
31679 2 72 17 286 0 -3
31779 0 -6 2 186 0 0
31779 1 65 22 357 0 0
31779 2 72 17 286 0 -3
31879 0 -6 1 186 0 0
31879 1 65 22 357 0 0
31879 2 71 17 286 0 -3
31979 0 -6 1 186 0 0
31979 1 65 23 357 0 0
31979 2 70 18 286 0 -3
32079 0 -6 1 186 0 0
32079 1 65 24 357 0 0
32079 2 70 18 286 0 -3
32180 0 -6 0 186 0 0
32180 1 65 25 357 0 0
32180 2 69 18 286 0 -3
32279 0 -7 0 186 0 0
32279 1 65 25 357 0 0
32279 2 68 18 291 0 -3
32380 0 -7 0 186 0 0
32380 1 65 26 357 0 0
32380 2 68 18 299 0 -3
32479 0 -6 0 145 0 0
32479 1 65 27 357 0 0
32479 2 67 19 306 0 -3
32579 0 -6 0 27 0 0
32579 1 65 27 357 0 0
32579 2 66 19 326 0 -3
32680 0 -6 0 16 0 0
32680 1 65 28 357 0 0
32680 2 66 20 341 0 -3
32779 0 -6 0 16 0 0
32779 1 65 29 357 0 0
32779 2 66 20 355 0 -3
32880 0 -6 0 186 0 0
32880 1 65 29 357 0 0
32880 2 66 21 8 0 -3
32979 0 -6 0 186 0 0
32979 1 65 30 357 0 0
32979 2 66 22 16 0 -3
33079 0 -6 0 186 0 0
33079 1 65 31 357 0 0
33079 2 66 22 21 0 -3
33180 0 -6 -1 186 0 0
33180 1 65 32 357 0 0
33180 2 66 23 21 0 -3
33279 0 -6 -1 186 0 0
33279 1 65 32 357 0 0
33279 2 67 24 21 0 -3
33380 0 -6 -1 198 0 0
33380 1 65 33 357 0 0
33380 2 67 24 21 0 -3
33479 0 -7 -2 198 0 0
33479 1 65 34 357 0 0
33479 2 67 25 21 0 -3
33579 0 -7 -2 198 0 0
33579 1 65 34 357 0 0
33579 2 67 26 16 0 -3
33680 0 -7 -2 198 0 0
33680 1 65 35 357 0 0
33680 2 68 26 8 0 -3
33779 0 -7 -3 198 0 0
33779 1 65 36 357 0 0
33779 2 68 27 358 0 -3
33880 0 -7 -3 198 0 0
33880 1 65 36 357 0 0
33880 2 68 28 340 0 -3
33979 0 -7 -3 198 0 0
33979 1 65 37 357 0 0
33979 2 67 28 330 0 -3
34079 0 -7 -4 198 0 0
34079 1 65 38 357 0 0
34079 2 67 29 324 0 -3
34180 0 -7 -4 198 0 0
34180 1 65 39 357 0 0
34180 2 67 29 322 0 -3
34279 0 -7 -4 198 0 0
34279 1 64 39 357 0 0
34279 2 66 30 322 0 -3
34380 0 -8 -5 198 0 0
34380 1 64 40 357 0 0
34380 2 66 31 322 0 -3
34479 0 -8 -5 198 0 0
34479 1 64 41 357 0 0
34479 2 65 31 322 0 -3
34579 0 -8 -5 198 0 0
34579 1 64 41 357 0 0
34579 2 65 32 322 0 -3
34680 0 -8 -6 198 0 0
34680 1 64 42 357 0 0
34680 2 65 32 322 0 -3
34779 0 -8 -6 198 0 0
34779 1 64 43 357 0 0
34779 2 64 33 322 0 -3
34880 0 -8 -6 198 0 0
34880 1 64 43 357 0 0
34880 2 64 33 322 0 -3
34979 0 -8 -7 198 0 0
34979 1 64 44 357 0 0
34979 2 63 34 322 0 -3
35079 0 -8 -7 198 0 0
35079 1 64 45 357 0 0
35079 2 63 35 322 0 -3
35180 0 -8 -7 198 0 0
35180 1 64 46 357 0 0
35180 2 62 35 322 0 -3
35279 0 -9 -8 198 0 0
35279 1 64 46 357 0 0
35279 2 62 36 327 0 -3
35380 0 -9 -8 198 0 0
35380 1 64 47 357 0 0
35380 2 62 36 337 0 -3
35479 0 -9 -8 198 0 0
35479 1 64 48 357 0 0
35479 2 61 37 345 0 -3
35579 0 -9 -9 198 0 0
35579 1 64 48 357 0 0
35579 2 61 37 350 0 -3
35680 0 -9 -9 198 0 0
35680 1 64 49 357 0 0
35680 2 61 38 350 0 -3
35779 0 -9 -9 198 0 0
35779 1 64 50 357 0 0
35779 2 61 39 350 0 -3
35880 0 -9 -10 198 0 0
35880 1 64 50 357 0 0
35880 2 61 40 350 0 -3
35979 0 -9 -10 198 0 0
35979 1 64 51 357 0 0
35979 2 61 40 350 0 -3
36079 0 -9 -10 198 0 0
36079 1 64 52 357 0 0
36079 2 61 41 350 0 -3
36180 0 -10 -11 198 0 0
36180 1 64 52 357 0 0
36180 2 61 41 350 0 -3
36279 0 -10 -11 198 0 0
36279 1 64 53 357 0 0
36279 2 61 41 350 0 -3
36380 0 -10 -11 198 0 0
36380 1 64 54 357 0 0
36380 2 61 41 350 0 -3
36479 0 -10 -12 198 0 0
36479 1 64 55 357 0 0
36479 2 61 41 350 0 -3
36579 0 -10 -12 198 0 0
36579 1 64 55 357 0 0
36579 2 61 41 350 0 -3
36680 0 -10 -12 198 0 0
36680 1 64 56 357 0 0
36680 2 61 41 350 0 -3
36779 0 -10 -13 198 0 0
36779 1 64 57 357 0 0
36779 2 61 41 350 0 -3
36880 0 -10 -13 198 0 0
36880 1 64 57 357 0 0
36880 2 61 41 350 0 -3
36979 0 -10 -13 198 0 0
36979 1 64 58 357 0 0
36979 2 61 41 350 0 -3
37079 0 -11 -14 198 0 0
37079 1 63 59 357 0 0
37079 2 61 41 350 0 -3
37180 0 -11 -14 198 0 0
37180 1 63 59 357 0 0
37180 2 61 41 350 0 -3
37279 0 -11 -14 198 0 0
37279 1 63 60 357 0 0
37279 2 61 41 350 0 -3
37380 0 -11 -15 198 0 0
37380 1 63 61 356 0 0
37380 2 61 41 350 0 -3
37479 0 -11 -15 198 0 0
37479 1 63 62 352 0 0
37479 2 61 41 350 0 -3
37579 0 -11 -15 198 0 0
37579 1 63 62 344 0 0
37579 2 61 41 350 0 -3
37680 0 -11 -16 198 0 0
37680 1 63 63 331 0 0
37680 2 61 41 350 0 -3
37779 0 -11 -16 198 0 0
37779 1 63 63 316 0 0
37779 2 61 41 350 0 -3
37879 0 -11 -16 198 0 0
37879 1 62 64 301 0 0
37879 2 61 41 350 0 -3
37979 0 -12 -17 198 0 0
37979 1 61 64 286 0 0
37979 2 61 41 350 0 -3
38079 0 -12 -17 198 0 0
38079 1 61 64 273 0 0
38079 2 61 41 350 0 -3
38180 0 -12 -17 198 0 0
38180 1 60 64 265 0 0
38180 2 61 41 350 0 -3
38279 0 -12 -18 198 0 0
38279 1 59 64 262 0 0
38279 2 61 41 350 0 -3
38379 0 -12 -18 198 0 0
38379 1 59 64 262 0 0
38379 2 61 41 350 0 -3
38479 0 -12 -18 198 0 0
38479 1 58 64 262 0 0
38479 2 61 41 350 0 -3
38579 0 -12 -19 198 0 0
38579 1 57 64 262 0 0
38579 2 61 41 350 0 -3
38680 0 -12 -19 198 0 0
38680 1 57 64 262 0 0
38680 2 61 41 350 0 -3
38779 0 -12 -19 155 0 0
38779 1 56 64 261 0 0
38779 2 61 41 350 0 -3
38879 0 -12 -20 155 0 0
38879 1 55 64 257 0 0
38879 2 61 41 350 0 -3
38979 0 -12 -20 155 0 0
38979 1 54 64 249 0 0
38979 2 61 41 350 0 -3
39079 0 -12 -20 155 0 0
39079 1 54 63 239 0 0
39079 2 61 41 350 0 -3
39180 0 -12 -21 155 0 0
39180 1 53 63 234 0 0
39180 2 61 41 350 0 -3
39279 0 -12 -21 155 0 0
39279 1 53 62 233 0 0
39279 2 61 41 350 0 -3
39379 0 -12 -21 155 0 0
39379 1 52 62 233 0 0
39379 2 61 41 350 0 -3
39479 0 -11 -22 155 0 0
39479 1 52 62 233 0 0
39479 2 61 41 350 0 -3
39579 0 -11 -22 155 0 0
39579 1 51 61 233 0 0
39579 2 61 41 350 0 -3
39680 0 -11 -22 155 0 0
39680 1 50 61 233 0 0
39680 2 61 41 350 0 -3
39779 0 -11 -23 155 0 0
39779 1 50 60 233 0 0
39779 2 61 41 350 0 -3
39879 0 -11 -23 155 0 0
39879 1 49 60 233 0 0
39879 2 61 41 350 0 -3
39979 0 -11 -23 155 0 0
39979 1 49 60 233 0 0
39979 2 61 41 350 0 -3
40079 0 -11 -23 155 0 0
40079 1 48 59 233 0 0
40079 2 61 41 350 0 -3
40180 0 -10 -24 155 0 0
40180 1 48 59 233 0 0
40180 2 61 41 350 0 -3
40279 0 -10 -24 155 0 0
40279 1 47 58 233 0 0
40279 2 61 41 350 0 -3
40379 0 -10 -24 155 0 0
40379 1 46 58 235 0 0
40379 2 61 41 350 0 -3
40479 0 -10 -25 155 0 0
40479 1 46 58 241 0 0
40479 2 61 41 350 0 -3
40579 0 -10 -25 155 0 0
40579 1 45 57 252 0 0
40579 2 61 41 350 0 -3
40680 0 -10 -25 155 0 0
40680 1 45 57 264 0 0
40680 2 61 41 350 0 -3
40779 0 -9 -26 155 0 0
40779 1 44 57 271 0 0
40779 2 61 41 350 0 -3
40879 0 -9 -26 155 0 0
40879 1 43 57 274 0 0
40879 2 61 41 350 0 -3
40979 0 -9 -26 155 0 0
40979 1 42 57 274 0 0
40979 2 61 41 350 0 -3
41079 0 -9 -27 155 0 0
41079 1 42 57 273 0 0
41079 2 61 41 350 0 -3
41180 0 -9 -27 155 0 0
41180 1 41 57 267 0 0
41180 2 61 41 350 0 -3
41279 0 -9 -27 155 0 0
41279 1 40 57 257 0 0
41279 2 61 41 350 0 -3
41379 0 -9 -28 155 0 0
41379 1 40 57 243 0 0
41379 2 61 41 350 0 -3
41479 0 -8 -28 155 0 0
41479 1 39 57 228 0 0
41479 2 61 41 350 0 -3
41579 0 -8 -28 155 0 0
41579 1 39 56 213 0 0
41579 2 61 41 350 0 -3
41680 0 -8 -29 155 0 0
41680 1 38 55 200 0 0
41680 2 61 41 350 0 -3
41779 0 -8 -29 155 0 0
41779 1 38 55 191 0 0
41779 2 61 41 350 0 -3
41879 0 -8 -29 155 0 0
41879 1 38 54 187 0 0
41879 2 61 41 350 0 -3
41979 0 -8 -30 155 0 0
41979 1 38 53 187 0 0
41979 2 61 41 350 0 -3
42079 0 -8 -30 155 0 0
42079 1 38 53 185 0 0
42079 2 61 41 350 0 -3
42180 0 -7 -30 155 0 0
42180 1 38 52 180 0 0
42180 2 61 41 350 0 -3
42279 0 -7 -30 155 0 0
42279 1 38 51 170 0 0
42279 2 61 41 350 0 -3
42379 0 -7 -31 155 0 0
42379 1 38 51 156 0 0
42379 2 61 41 350 0 -3
42479 0 -7 -31 155 0 0
42479 1 38 50 141 0 0
42479 2 61 41 350 0 -3
42579 0 -7 -31 155 0 0
42579 1 39 50 127 0 0
42579 2 61 41 350 0 -3
42680 0 -7 -32 155 0 0
42680 1 39 49 117 0 0
42680 2 61 41 350 0 -3
42779 0 -7 -32 155 0 0
42779 1 40 49 112 0 0
42779 2 61 41 350 0 -3
42879 0 -6 -32 155 0 0
42879 1 41 49 112 0 0
42879 2 61 41 350 0 -3
42979 0 -6 -33 155 0 0
42979 1 41 48 112 0 0
42979 2 61 41 350 0 -3
43079 0 -6 -33 155 0 0
43079 1 42 48 112 0 0
43079 2 61 41 350 0 -3
43180 0 -6 -33 155 0 0
43180 1 43 48 112 0 0
43180 2 61 41 350 0 -3
43279 0 -6 -34 155 0 0
43279 1 43 48 112 0 0
43279 2 61 41 350 0 -3
43379 0 -6 -34 155 0 0
43379 1 44 47 112 0 0
43379 2 61 41 350 0 -3
43479 0 -6 -34 155 0 0
43479 1 45 47 112 0 0
43479 2 60 42 350 0 -3
43579 0 -5 -35 155 0 0
43579 1 45 47 112 0 0
43579 2 60 42 355 0 -3
43680 0 -5 -35 155 0 0
43680 1 46 46 112 0 0
43680 2 60 43 4 0 -3
43779 0 -5 -35 155 0 0
43779 1 47 46 112 0 0
43779 2 60 44 13 0 -3
43879 0 -5 -36 155 0 0
43879 1 47 46 112 0 0
43879 2 60 44 21 0 -3
43979 0 -5 -36 155 0 0
43979 1 48 46 112 0 0
43979 2 61 45 22 0 -3
44079 0 -5 -36 155 0 0
44079 1 48 45 112 0 0
44079 2 61 45 22 0 -3
44180 0 -5 -37 155 0 0
44180 1 49 45 110 0 0
44180 2 61 45 22 0 -3
44279 0 -4 -37 155 0 0
44279 1 50 45 105 0 0
44279 2 61 45 22 0 -3
44379 0 -4 -37 160 0 0
44379 1 50 45 95 0 0
44379 2 61 45 22 0 -3
44479 0 -4 -37 160 0 0
44479 1 50 45 81 0 0
44479 2 61 45 22 0 -3
44579 0 -4 -38 160 0 0
44579 1 50 45 66 0 0
44579 2 61 45 22 0 -3
44680 0 -4 -38 284 0 0
44680 1 51 45 51 0 0
44680 2 61 45 22 0 -3
44779 0 -4 -38 24 0 0
44779 1 51 45 41 0 0
44779 2 61 45 22 0 -3
44879 0 -4 -37 24 0 0
44879 1 51 45 37 0 0
44879 2 61 45 22 0 -3
44979 0 -4 -37 24 0 0
44979 1 51 46 40 0 0
44979 2 61 45 22 0 -3
45079 0 -3 -37 24 0 0
45079 1 52 46 48 0 0
45079 2 61 45 22 0 -3
45180 0 -3 -37 24 0 0
45180 1 52 47 60 0 0
45180 2 61 45 22 0 -3
45279 0 -3 -36 24 0 0
45279 1 53 47 74 0 0
45279 2 61 45 22 0 -3
45379 0 -3 -36 24 0 0
45379 1 54 47 83 0 0
45379 2 61 45 22 0 -3
45479 0 -3 -36 24 0 0
45479 1 54 47 88 0 0
45479 2 61 45 22 0 -3
45579 0 -3 -35 24 0 0
45579 1 54 47 89 0 0
45579 2 61 45 22 0 -3
45680 0 -3 -35 24 0 0
45680 1 55 47 89 0 0
45680 2 61 46 22 0 -3
45779 0 -2 -35 24 0 0
45779 1 55 47 89 0 0
45779 2 61 46 22 0 -3
45879 0 -2 -34 24 0 0
45879 1 55 47 89 0 0
45879 2 61 46 22 0 -3
45979 0 -2 -34 24 0 0
45979 1 55 47 89 0 0
45979 2 61 46 22 0 -3
46079 0 -2 -34 24 0 0
46079 1 55 47 89 0 0
46079 2 61 47 22 0 -3
46180 0 -2 -33 24 0 0
46180 1 55 47 89 0 0
46180 2 62 48 22 0 -3
46279 0 -2 -33 24 0 0
46279 1 55 47 89 0 0
46279 2 62 48 22 0 -3
46379 0 -2 -33 24 0 0
46379 1 55 47 89 0 0
46379 2 62 49 19 0 -3
46479 0 -1 -32 24 0 0
46479 1 55 47 89 0 0
46479 2 63 50 11 0 -3
46579 0 -1 -32 24 0 0
46579 1 55 47 89 0 0
46579 2 63 50 0 0 -3
46680 0 -1 -32 24 0 0
46680 1 55 47 89 0 0
46680 2 63 51 353 0 -3
46779 0 -1 -31 24 0 0
46779 1 55 47 89 0 0
46779 2 63 52 351 0 -3
46879 0 -1 -31 24 0 0
46879 1 55 47 89 0 0
46879 2 63 52 351 0 -3
46979 0 -1 -31 24 0 0
46979 1 55 47 89 0 0
46979 2 62 53 351 0 -3
47079 0 -1 -30 24 0 0
47079 1 55 47 89 0 0
47079 2 62 54 344 0 -3
47180 0 0 -30 24 0 0
47180 1 55 47 89 0 0
47180 2 62 55 334 0 -3
47279 0 0 -30 24 0 0
47279 1 55 47 89 0 0
47279 2 62 55 321 0 -3
47379 0 0 -30 24 0 0
47379 1 55 47 88 0 0
47379 2 62 56 310 0 -3
47479 0 0 -29 24 0 0
47479 1 55 47 83 0 0
47479 2 61 56 290 0 -3
47579 0 0 -29 24 0 0
47579 1 55 47 74 0 0
47579 2 60 56 281 0 -3
47680 0 0 -29 24 0 0
47680 1 55 47 61 0 0
47680 2 60 57 275 0 -3
47779 0 0 -28 24 0 0
47779 1 55 47 45 0 0
47779 2 59 57 273 0 -3
47879 0 0 -28 24 0 0
47879 1 55 47 31 0 0
47879 2 58 57 273 0 -3
47979 0 0 -28 24 0 0
47979 1 55 47 16 0 0
47979 2 57 57 273 0 -3
48079 0 0 -27 24 0 0
48079 1 55 48 4 0 0
48079 2 57 57 273 0 -3
48180 0 0 -27 24 0 0
48180 1 55 48 357 0 0
48180 2 56 57 273 0 -3
48279 0 0 -27 24 0 0
48279 1 55 49 354 0 0
48279 2 55 57 273 0 -3
48379 0 0 -26 24 0 0
48379 1 54 49 354 0 0
48379 2 55 57 273 0 -3
48479 0 1 -26 24 0 0
48479 1 54 50 354 0 0
48479 2 54 57 273 0 -3
48579 0 1 -26 24 0 0
48579 1 54 51 353 0 0
48579 2 53 57 273 0 -3
48680 0 1 -25 24 0 0
48680 1 54 52 348 0 0
48680 2 53 57 273 0 -3
48779 0 1 -25 24 0 0
48779 1 54 52 339 0 0
48779 2 52 57 273 0 -3
48879 0 1 -25 24 0 0
48879 1 54 53 325 0 0
48879 2 51 57 273 0 -3
48979 0 1 -24 24 0 0
48979 1 53 53 311 0 0
48979 2 50 57 273 0 -3
49079 0 1 -24 24 0 0
49079 1 53 54 296 0 0
49079 2 50 57 273 0 -3
49180 0 2 -24 24 0 0
49180 1 52 54 286 0 0
49180 2 49 57 273 0 -3
49279 0 2 -23 24 0 0
49279 1 51 54 280 0 0
49279 2 49 57 273 0 -3
49379 0 2 -23 24 0 0
49379 1 51 54 279 0 0
49379 2 48 57 273 0 -3
49479 0 2 -23 24 0 0
49479 1 50 54 279 0 0
49479 2 47 57 273 0 -3
49579 0 2 -23 24 0 0
49579 1 49 55 279 0 0
49579 2 46 57 273 0 -3
49680 0 2 -22 24 0 0
49680 1 49 55 279 0 0
49680 2 46 57 273 0 -3
49779 0 2 -22 24 0 0
49779 1 48 55 279 0 0
49779 2 45 57 273 0 -3
49879 0 3 -22 24 0 0
49879 1 47 55 279 0 0
49879 2 44 58 273 0 -3
49979 0 3 -21 24 0 0
49979 1 47 55 279 0 0
49979 2 44 58 273 0 -3
50079 0 3 -21 24 0 0
50079 1 46 55 279 0 0
50079 2 43 58 273 0 -3
50180 0 3 -21 150 0 0
50180 1 45 55 279 0 0
50180 2 42 58 273 0 -3
50279 0 3 -21 269 0 0
50279 1 45 55 279 0 0
50279 2 42 58 273 0 -3
50379 0 2 -21 269 0 0
50379 1 44 55 279 0 0
50379 2 41 58 273 0 -3
50479 0 2 -21 269 0 0
50479 1 43 56 279 0 0
50479 2 40 58 273 0 -3
50579 0 2 -21 269 0 0
50579 1 42 56 279 0 0
50579 2 39 58 270 0 -3
50680 0 1 -21 269 0 0
50680 1 42 56 279 0 0
50680 2 39 58 266 0 -3
50779 0 1 -21 269 0 0
50779 1 41 56 279 0 0
50779 2 38 58 266 0 -3
50879 0 1 -21 269 0 0
50879 1 40 56 279 0 0
50879 2 37 58 266 0 -3
50979 0 0 -21 269 0 0
50979 1 40 56 279 0 0
50979 2 37 58 266 0 -3
51079 0 0 -21 269 0 0
51079 1 39 56 279 0 0
51079 2 36 58 266 0 -3
51180 0 0 -21 359 0 0
51180 1 38 56 279 0 0
51180 2 35 58 266 0 -3
51279 0 0 -20 359 0 0
51279 1 38 56 279 0 0
51279 2 34 58 266 0 -3
51379 0 0 -20 359 0 0
51379 1 37 57 279 0 0
51379 2 34 58 261 0 -3
51479 0 0 -20 359 0 0
51479 1 36 57 279 0 0
51479 2 33 57 250 0 -3
51579 0 0 -19 359 0 0
51579 1 36 57 279 0 0
51579 2 32 57 238 0 -3
51680 0 0 -19 359 0 0
51680 1 35 57 279 0 0
51680 2 32 57 225 0 -3
51779 0 0 -19 359 0 0
51779 1 34 57 279 0 0
51779 2 31 56 215 0 -3
51879 0 0 -18 359 0 0
51879 1 33 57 279 0 0
51879 2 31 56 211 0 -3
51979 0 0 -18 359 0 0
51979 1 33 57 279 0 0
51979 2 31 55 210 0 -3
52079 0 0 -18 359 0 0
52079 1 32 57 279 0 0
52079 2 30 55 210 0 -3
52180 0 0 -17 359 0 0
52180 1 31 57 278 0 0
52180 2 30 54 210 0 -3
52279 0 0 -17 359 0 0
52279 1 31 58 273 0 0
52279 2 29 53 210 0 -3
52379 0 0 -17 359 0 0
52379 1 30 58 264 0 0
52379 2 29 53 210 0 -3
52479 0 0 -16 359 0 0
52479 1 29 57 250 0 0
52479 2 29 52 210 0 -3
52579 0 0 -16 359 0 0
52579 1 29 57 235 0 0
52579 2 28 52 210 0 -3
52680 0 0 -16 201 0 0
52680 1 28 57 221 0 0
52680 2 28 51 210 0 -3
52779 0 0 -15 22 0 0
52779 1 28 56 212 0 0
52779 2 28 50 210 0 -3
52879 0 0 -15 22 0 0
52879 1 27 56 207 0 0
52879 2 27 50 210 0 -3
52979 0 0 -15 22 0 0
52979 1 27 55 206 0 0
52979 2 27 49 210 0 -3
53079 0 0 -14 22 0 0
53079 1 27 54 206 0 0
53079 2 27 49 210 0 -3
53180 0 0 -14 22 0 0
53180 1 26 54 206 0 0
53180 2 26 48 210 0 -3
53279 0 0 -14 22 0 0
53279 1 26 53 206 0 0
53279 2 26 47 210 0 -3
53379 0 1 -13 22 0 0
53379 1 26 52 206 0 0
53379 2 26 47 210 0 -3
53479 0 1 -13 22 0 0
53479 1 25 52 206 0 0
53479 2 25 46 210 0 -3
53579 0 1 -13 22 0 0
53579 1 25 51 206 0 0
53579 2 25 46 210 0 -3
53680 0 1 -13 22 0 0
53680 1 25 51 206 0 0
53680 2 24 45 210 0 -3
53779 0 1 -12 22 0 0
53779 1 25 50 206 0 0
53779 2 24 44 210 0 -3
53879 0 1 -12 22 0 0
53879 1 24 49 206 0 0
53879 2 24 44 210 0 -3
53979 0 1 -12 22 0 0
53979 1 24 49 206 0 0
53979 2 23 43 210 0 -3
54079 0 1 -11 22 0 0
54079 1 24 48 206 0 0
54079 2 23 43 210 0 -3
54180 0 2 -11 22 0 0
54180 1 23 47 206 0 0
54180 2 23 42 210 0 -3
54279 0 2 -11 22 0 0
54279 1 23 47 206 0 0
54279 2 22 41 210 0 -3
54379 0 2 -10 22 0 0
54379 1 23 46 206 0 0
54379 2 22 41 210 0 -3
54479 0 2 -10 22 0 0
54479 1 22 46 206 0 0
54479 2 22 40 210 0 -3
54579 0 2 -10 22 0 0
54579 1 22 45 206 0 0
54579 2 21 39 210 0 -3
54680 0 2 -9 22 0 0
54680 1 22 44 206 0 0
54680 2 21 39 210 0 -3
54779 0 2 -9 22 0 0
54779 1 21 44 206 0 0
54779 2 21 38 210 0 -3
54879 0 3 -9 22 0 0
54879 1 21 43 206 0 0
54879 2 20 38 210 0 -3
54979 0 3 -8 22 0 0
54979 1 21 42 206 0 0
54979 2 20 37 210 0 -3
55079 0 3 -8 22 0 0
55079 1 20 42 206 0 0
55079 2 19 36 210 0 -3
55180 0 3 -8 22 0 0
55180 1 20 41 206 0 0
55180 2 19 36 210 0 -3
55279 0 3 -7 22 0 0
55279 1 20 41 206 0 0
55279 2 19 35 210 0 -3
55379 0 3 -7 22 0 0
55379 1 19 40 206 0 0
55379 2 18 35 210 0 -3
55479 0 3 -7 22 0 0
55479 1 19 39 206 0 0
55479 2 18 34 210 0 -3
55579 0 3 -6 22 0 0
55579 1 19 39 206 0 0
55579 2 18 34 210 0 -3
55680 0 4 -6 22 0 0
55680 1 19 38 206 0 0
55680 2 18 34 210 0 -3
55779 0 4 -6 22 0 0
55779 1 18 37 206 0 0
55779 2 18 34 210 0 -3
55879 0 4 -5 22 0 0
55879 1 18 37 206 0 0
55879 2 18 34 210 0 -3
55979 0 4 -5 22 0 0
55979 1 18 36 206 0 0
55979 2 18 34 210 0 -3
56079 0 4 -5 22 0 0
56079 1 17 36 206 0 0
56079 2 18 34 210 0 -3
56180 0 4 -4 22 0 0
56180 1 17 35 206 0 0
56180 2 18 34 210 0 -3
56279 0 4 -4 22 0 0
56279 1 17 34 206 0 0
56279 2 18 34 210 0 -3
56379 0 5 -4 22 0 0
56379 1 17 34 206 0 0
56379 2 18 34 210 0 -3
56479 0 5 -3 22 0 0
56479 1 17 34 206 0 0
56479 2 18 34 210 0 -3
56579 0 5 -3 22 0 0
56579 1 16 34 206 0 0
56579 2 18 34 210 0 -3
56680 0 5 -3 22 0 0
56680 1 16 33 206 0 0
56680 2 18 34 210 0 -3
56779 0 5 -2 22 0 0
56779 1 16 33 206 0 0
56779 2 18 34 210 0 -2
56879 0 5 -2 22 0 0
56879 1 16 32 206 0 0
56879 2 18 34 210 0 -2
56979 0 5 -2 22 0 0
56979 1 15 32 206 0 0
56979 2 18 34 210 0 -2
57079 0 5 -2 22 0 0
57079 1 15 31 206 0 0
57079 2 18 34 210 0 -2
57180 0 6 -1 22 0 0
57180 1 15 30 206 0 0
57180 2 18 34 210 0 -2
57279 0 6 -1 22 0 0
57279 1 14 30 206 0 0
57279 2 18 34 210 0 -2
57379 0 6 -1 22 0 0
57379 1 14 29 206 0 0
57379 2 18 34 210 0 -2
57479 0 6 0 22 0 0
57479 1 14 28 206 0 0
57479 2 18 34 210 0 -2
57579 0 6 0 22 0 0
57579 1 13 28 206 0 0
57579 2 18 34 210 0 -2
57680 0 6 0 22 0 0
57680 1 13 27 206 0 5
57680 2 18 34 210 0 -2
57779 0 6 0 22 0 0
57779 1 13 27 206 0 5
57779 2 18 34 210 0 0
57879 0 7 0 22 0 0
57879 1 12 26 206 0 5
57879 2 18 34 210 0 0
57979 0 7 0 22 0 0
57979 1 12 25 206 0 5
57979 2 18 34 210 0 0
58079 0 7 1 22 0 0
58079 1 12 25 206 0 5
58079 2 18 34 210 0 0
58180 0 7 1 22 0 0
58180 1 12 24 206 0 5
58180 2 18 34 210 0 0
58279 0 7 1 22 0 0
58279 1 11 23 206 0 5
58279 2 18 34 210 0 0
58379 0 7 2 22 0 0
58379 1 11 23 206 0 5
58379 2 18 34 210 0 0
58479 0 7 2 22 0 0
58479 1 11 22 206 0 5
58479 2 18 34 210 0 0
58579 0 7 2 22 0 0
58579 1 10 22 206 0 5
58579 2 18 34 210 0 0
58680 0 8 3 22 0 0
58680 1 10 21 206 0 18
58680 2 18 34 210 0 0
58779 0 7 3 259 0 0
58779 1 10 20 206 0 18
58779 2 18 34 210 0 4
58879 0 7 3 259 0 0
58879 1 9 20 206 0 18
58879 2 18 34 210 0 4
58979 0 7 2 259 0 0
58979 1 9 19 206 0 18
58979 2 18 34 210 0 4
59079 0 7 3 59 0 0
59079 1 9 18 206 0 18
59079 2 18 34 210 0 4
59180 0 7 3 59 0 0
59180 1 8 18 206 0 18
59180 2 18 34 210 0 4
59279 0 7 3 59 0 0
59279 1 8 17 207 0 18
59279 2 18 34 210 0 4
59379 0 8 3 59 0 0
59379 1 8 17 210 0 18
59379 2 18 34 210 0 4
59479 0 8 3 59 0 0
59479 1 7 16 217 0 18
59479 2 18 34 210 0 4
59579 0 8 4 59 0 0
59579 1 7 16 226 0 18
59579 2 18 34 210 0 4
59680 0 8 4 59 0 0
59680 1 6 15 230 0 42
59680 2 18 34 210 0 4
59779 0 9 4 59 0 0
59779 1 6 15 231 0 42
59779 2 18 34 210 0 8
59879 0 9 4 59 0 0
59879 1 5 14 231 0 42
59879 2 18 34 210 0 8
59979 0 9 4 59 0 0
59979 1 5 14 231 0 42
59979 2 18 34 210 0 8
60079 0 10 4 59 0 0
60079 1 4 13 231 0 42
60079 2 18 34 210 0 8
60180 0 10 5 59 0 0
60180 1 4 13 231 0 42
60180 2 18 33 210 0 8
60279 0 10 5 59 0 0
60279 1 4 13 231 0 42
60279 2 18 33 210 0 8
60379 0 11 5 59 0 0
60379 1 4 13 231 0 42
60379 2 18 33 210 0 8
60479 0 11 5 59 0 0
60479 1 4 13 231 0 42
60479 2 17 33 210 0 8
60579 0 11 5 59 0 0
60579 1 4 13 231 0 42
60579 2 17 32 210 0 8
60680 0 11 6 59 0 0
60680 1 4 13 231 0 71
60680 2 17 32 210 0 8
60779 0 12 6 59 0 0
60779 1 4 13 231 0 71
60779 2 16 31 210 0 16
60879 0 12 6 59 0 0
60879 1 4 13 231 1 71
60879 2 16 30 203 0 16
60979 0 12 6 59 0 0
60979 1 4 13 231 1 71
60979 2 16 30 193 0 16
61079 0 13 6 59 0 0
61079 1 4 13 231 1 71
61079 2 16 29 186 0 16
61180 0 13 6 59 0 0
61180 1 4 13 231 1 71
61180 2 15 29 181 0 16
61279 0 13 7 59 0 0
61279 1 4 13 231 1 71
61279 2 15 28 181 0 16
61379 0 14 7 59 0 0
61379 1 4 13 231 1 71
61379 2 15 27 188 0 16
61479 0 14 7 59 0 0
61479 1 4 13 231 1 71
61479 2 15 26 190 0 16
61579 0 14 7 219 0 0
61579 1 4 13 231 1 71
61579 2 15 26 191 0 16
61680 0 14 7 305 0 0
61680 1 4 13 231 1 93
61680 2 15 25 191 0 16
61779 0 14 6 205 0 0
61779 1 4 13 231 1 93
61779 2 15 24 191 0 30
61879 0 14 7 54 0 0
61879 1 4 13 231 1 93
61879 2 15 24 195 0 30
61979 0 14 7 333 0 0
61979 1 4 13 231 1 93
61979 2 15 23 204 0 30
62079 0 14 7 333 0 0
62079 1 4 13 231 1 93
62079 2 14 23 212 0 30
62180 0 14 8 333 0 0
62180 1 4 13 231 1 93
62180 2 14 22 219 0 30
62279 0 14 8 333 0 0
62279 1 4 13 231 1 93
62279 2 13 21 219 0 30
62379 0 14 8 333 0 0
62379 1 4 13 231 1 93
62379 2 13 21 219 0 30
62479 0 13 9 333 0 0
62479 1 4 13 231 1 93
62479 2 13 20 221 0 30
62579 0 13 9 333 0 0
62579 1 4 13 231 1 93
62579 2 12 20 225 0 30
62680 0 13 9 333 0 0
62680 1 4 13 231 1 121
62680 2 12 19 225 0 30
62779 0 13 9 333 0 0
62779 1 4 13 231 1 121
62779 2 11 19 225 0 51
62879 0 13 10 333 0 0
62879 1 4 13 231 1 121
62879 2 11 18 225 0 51
62979 0 13 10 333 0 0
62979 1 4 13 231 1 121
62979 2 10 18 225 0 51
63079 0 12 10 333 0 0
63079 1 4 13 231 1 121
63079 2 10 17 225 0 51
63180 0 12 11 333 0 0
63180 1 4 13 231 1 121
63180 2 9 17 230 0 51
63279 0 12 11 293 0 0
63279 1 4 13 231 1 121
63279 2 9 16 239 0 51
63379 0 12 11 76 0 0
63379 1 4 13 231 1 121
63379 2 8 16 247 0 51
63479 0 13 11 76 0 0
63479 1 4 13 231 1 121
63479 2 7 16 253 0 51
63579 0 13 11 76 0 0
63579 1 4 13 231 1 121
63579 2 7 15 253 0 51
63680 0 13 11 76 0 0
63680 1 4 13 231 1 150
63680 2 6 15 253 1 51
63779 0 14 11 325 0 0
63779 1 4 13 231 1 150
63779 2 5 15 253 1 76
63879 0 14 11 149 0 0
63879 1 4 13 231 1 150
63879 2 5 15 253 1 76
63979 0 14 11 149 0 0
63979 1 4 13 231 1 150
63979 2 5 15 253 1 76
64080 0 14 11 149 0 0
64080 1 4 13 231 1 150
64080 2 5 15 253 1 76
64180 0 14 10 149 0 0
64180 1 4 13 231 1 150
64180 2 5 15 253 1 76
64279 0 15 10 149 0 0
64279 1 4 13 231 1 150
64279 2 5 15 253 1 76
64379 0 15 10 149 0 0
64379 1 4 13 231 1 150
64379 2 5 15 253 1 76
64479 0 15 10 149 0 0
64479 1 4 13 231 1 150
64479 2 5 15 253 1 76
64580 0 15 9 149 0 0
64580 1 4 13 231 1 150
64580 2 5 15 253 1 76
64680 0 15 9 149 0 0
64680 1 4 13 231 1 173
64680 2 5 15 253 1 76
64779 0 15 9 149 0 0
64779 1 4 13 231 1 173
64779 2 5 15 253 1 98
64879 0 16 8 149 0 0
64879 1 4 13 231 1 173
64879 2 5 15 253 1 98
64979 0 16 8 149 0 0
64979 1 4 13 231 1 173
64979 2 5 15 253 1 98
65080 0 16 8 149 0 0
65080 1 4 13 231 1 173
65080 2 5 15 253 1 98
65180 0 16 7 149 0 0
65180 1 4 13 231 1 173
65180 2 5 15 253 1 98
65279 0 16 7 149 0 0
65279 1 4 13 231 1 173
65279 2 5 15 253 1 98
65379 0 16 7 149 0 0
65379 1 4 13 231 1 173
65379 2 5 15 253 1 98
65479 0 17 7 149 0 0
65479 1 4 13 231 1 173
65479 2 5 15 253 1 98
65580 0 17 6 149 0 0
65580 1 4 13 231 1 173
65580 2 5 15 253 1 98
65680 0 17 6 149 0 0
65680 1 4 13 231 1 199
65680 2 5 15 253 1 98
65779 0 17 6 149 0 0
65779 1 4 13 231 1 199
65779 2 5 15 253 1 118
65879 0 17 5 149 0 0
65879 1 4 13 231 1 199
65879 2 5 15 247 1 118
65979 0 18 5 149 0 0
65979 1 4 13 231 1 199
65979 2 5 15 246 1 118
66080 0 18 5 149 0 0
66080 1 4 13 231 1 199
66080 2 5 15 246 1 118
66180 0 18 4 149 0 0
66180 1 4 13 231 1 199
66180 2 5 15 233 1 118
66279 0 18 4 149 0 0
66279 1 4 13 231 1 199
66279 2 5 15 227 1 118
66379 0 18 4 149 0 0
66379 1 4 13 231 1 199
66379 2 5 15 225 1 118
66479 0 18 4 149 0 0
66479 1 4 13 231 1 199
66479 2 5 15 225 1 118
66580 0 19 3 149 0 0
66580 1 4 13 231 1 199
66580 2 5 15 225 1 118
66680 0 19 3 149 0 0
66680 1 4 13 231 1 221
66680 2 5 15 225 1 118
66779 0 19 3 149 0 0
66779 1 4 13 231 1 221
66779 2 5 15 225 1 135
66879 0 19 2 149 0 0
66879 1 4 13 231 1 221
66879 2 5 15 225 1 135
66979 0 19 2 149 0 0
66979 1 4 13 231 1 221
66979 2 5 15 225 1 135
67080 0 19 2 227 0 0
67080 1 4 13 231 1 221
67080 2 5 15 225 1 135
67180 0 19 2 269 0 0
67180 1 4 13 231 1 221
67180 2 5 15 225 1 135
67279 0 19 2 269 0 0
67279 1 4 13 231 1 221
67279 2 5 15 225 1 135
67379 0 19 2 269 0 0
67379 1 4 13 231 1 221
67379 2 5 15 225 1 135
67479 0 18 2 269 0 0
67479 1 4 13 231 1 221
67479 2 5 15 225 1 135
67580 0 18 2 269 0 0
67580 1 4 13 231 1 221
67580 2 5 15 225 1 135
67680 0 17 2 269 0 0
67680 1 4 13 231 1 237
67680 2 5 15 225 1 135
67779 0 17 2 269 0 0
67779 1 4 13 231 1 237
67779 2 5 15 225 1 147
67879 0 17 2 269 0 0
67879 1 4 13 231 1 237
67879 2 5 15 225 1 147
67979 0 16 2 269 0 0
67979 1 4 13 231 1 237
67979 2 5 15 225 1 147
68080 0 16 2 269 0 0
68080 1 4 13 231 1 237
68080 2 5 15 225 1 147
68180 0 16 2 269 0 0
68180 1 3 13 231 1 237
68180 2 5 15 225 1 147
68279 0 15 2 269 0 0
68279 1 3 13 231 1 237
68279 2 5 15 225 1 147
68379 0 15 2 269 0 0
68379 1 3 13 231 1 237
68379 2 5 15 225 1 147
68479 0 15 2 141 0 0
68479 1 3 13 231 1 237
68479 2 5 15 225 1 147
68580 0 15 2 39 0 0
68580 1 3 13 231 1 237
68580 2 5 15 225 1 147
68680 0 15 2 39 0 0
68680 1 3 13 231 1 259
68680 2 5 15 225 1 147
68779 0 16 3 74 0 0
68779 1 3 13 231 1 259
68779 2 5 15 225 1 164
68879 0 16 3 60 0 0
68879 1 3 13 231 1 259
68879 2 5 15 225 1 164
68979 0 16 3 60 0 0
68979 1 3 13 231 1 259
68979 2 5 15 225 1 164
69080 0 17 3 60 0 0
69080 1 3 13 231 1 259
69080 2 5 15 225 1 164
69180 0 17 3 60 0 0
69180 1 3 13 231 1 259
69180 2 5 15 225 1 164
69279 0 17 3 60 0 0
69279 1 3 13 231 1 259
69279 2 5 15 225 1 164
69379 0 17 4 60 0 0
69379 1 3 13 231 1 259
69379 2 5 15 225 1 164
69479 0 18 4 60 0 0
69479 1 3 13 231 1 259
69479 2 5 15 225 1 164
69580 0 18 4 60 0 0
69580 1 3 13 231 1 259
69580 2 5 15 225 1 164
69680 0 18 4 60 0 0
69680 1 3 13 231 1 282
69680 2 5 15 225 1 164
69779 0 19 4 60 0 0
69779 1 3 13 231 1 282
69779 2 5 15 225 1 182
69879 0 19 5 60 0 0
69879 1 3 13 231 1 282
69879 2 5 15 225 1 182
69979 0 19 5 60 0 0
69979 1 3 13 231 1 282
69979 2 5 15 225 1 182
70080 0 20 5 60 0 0
70080 1 3 13 231 1 282
70080 2 5 15 225 1 182
70180 0 20 5 60 0 0
70180 1 3 13 231 1 282
70180 2 5 15 225 1 182
70279 0 20 5 60 0 0
70279 1 3 13 231 1 282
70279 2 5 15 225 1 182
70379 0 21 5 60 0 0
70379 1 3 13 231 1 282
70379 2 5 15 225 1 182
70479 0 21 6 72 0 0
70479 1 3 13 231 1 282
70479 2 5 15 225 1 182
70580 0 21 5 150 0 0
70580 1 3 13 231 1 282
70580 2 5 15 225 1 182
70680 0 21 5 150 0 0
70680 1 3 13 231 1 303
70680 2 5 15 225 1 182
70779 0 21 5 150 0 0
70779 1 3 13 231 1 303
70779 2 5 15 225 1 198
70879 0 22 4 150 0 0
70879 1 3 13 231 1 303
70879 2 5 15 225 1 198
70979 0 22 4 150 0 0
70979 1 3 13 231 1 303
70979 2 5 15 225 1 198
71080 0 22 4 150 0 0
71080 1 3 13 231 1 303
71080 2 5 15 225 1 198
71180 0 22 3 150 0 0
71180 1 3 13 231 1 303
71180 2 5 15 225 1 198
71279 0 22 3 150 0 0
71279 1 3 13 231 1 303
71279 2 5 15 225 1 198
71379 0 22 3 150 0 0
71379 1 3 13 231 1 303
71379 2 5 15 225 1 198
71479 0 23 2 150 0 0
71479 1 3 13 231 1 303
71479 2 5 15 225 1 198
71580 0 23 2 150 0 0
71580 1 3 13 231 1 303
71580 2 5 15 225 1 198
71680 0 23 2 150 0 0
71680 1 3 13 231 1 317
71680 2 5 15 225 1 198
71779 0 23 2 150 0 0
71779 1 3 13 231 1 317
71779 2 5 15 225 1 213
71879 0 23 1 150 0 0
71879 1 3 13 231 1 317
71879 2 5 15 225 1 213
71979 0 23 1 150 0 0
71979 1 3 13 231 1 317
71979 2 5 15 225 1 213
72080 0 24 1 150 0 0
72080 1 3 13 231 1 317
72080 2 5 15 225 1 213
72180 0 24 0 150 0 0
72180 1 3 13 231 1 317
72180 2 5 15 225 1 213
72279 0 24 0 150 0 0
72279 1 3 13 231 1 317
72279 2 5 15 225 1 213
72379 0 24 0 150 0 0
72379 1 3 13 231 1 317
72379 2 5 15 225 1 213
72479 0 24 0 150 0 0
72479 1 3 13 231 1 317
72479 2 5 15 225 1 213
72580 0 24 0 150 0 0
72580 1 3 13 231 1 317
72580 2 5 15 225 1 213
72680 0 25 0 150 0 0
72680 1 3 13 231 1 333
72680 2 5 15 225 1 213
72779 0 25 -1 150 0 0
72779 1 3 13 231 1 333
72779 2 5 15 225 1 224
72879 0 25 -1 150 0 0
72879 1 3 13 231 1 333
72879 2 5 15 225 1 224
72979 0 25 -1 150 0 0
72979 1 3 13 231 1 333
72979 2 5 15 225 1 224
73080 0 25 -1 150 0 0
73080 1 3 13 231 1 333
73080 2 5 15 225 1 224
73180 0 25 -2 150 0 0
73180 1 3 13 231 1 333
73180 2 5 15 225 1 224
73279 0 26 -2 150 0 0
73279 1 3 13 231 1 333
73279 2 5 15 225 1 224
73379 0 26 -2 333 0 0
73379 1 3 13 231 1 333
73379 2 5 15 225 1 224
73479 0 26 -2 18 0 0
73479 1 3 13 231 1 333
73479 2 5 15 225 1 224
73580 0 26 -2 96 0 0
73580 1 3 13 231 1 333
73580 2 5 15 225 1 224
73680 0 26 -2 146 0 0
73680 1 3 13 231 1 345
73680 2 5 15 225 1 224
73779 0 26 -2 146 0 0
73779 1 3 13 231 1 345
73779 2 5 15 225 1 231
73879 0 27 -2 146 0 0
73879 1 3 13 231 1 345
73879 2 5 15 225 1 231
73979 0 27 -3 146 0 0
73979 1 3 13 231 1 345
73979 2 5 15 225 1 231
74080 0 27 -3 146 0 0
74080 1 3 13 231 1 345
74080 2 5 15 225 1 231
74180 0 27 -3 146 0 0
74180 1 3 13 231 1 345
74180 2 5 15 225 1 231
74279 0 27 -4 146 0 0
74279 1 3 13 231 1 345
74279 2 5 15 225 1 231
74379 0 27 -4 146 0 0
74379 1 3 13 231 1 345
74379 2 5 15 225 1 231
74479 0 28 -4 146 0 0
74479 1 3 13 231 1 345
74479 2 5 15 225 1 231
74580 0 28 -5 146 0 0
74580 1 3 13 231 1 345
74580 2 5 15 225 1 231
74680 0 28 -5 146 0 0
74680 1 3 13 231 1 353
74680 2 5 15 225 1 231
74779 0 28 -5 146 0 0
74779 1 3 13 231 1 353
74779 2 5 15 225 1 239
74879 0 28 -5 146 0 0
74879 1 3 13 231 1 353
74879 2 5 15 225 1 239
74979 0 29 -6 146 0 0
74979 2 5 15 225 1 239
75080 0 29 -6 146 0 0
75080 2 5 15 225 1 239
75180 0 29 -6 146 0 0
75180 2 5 15 225 1 239
75279 0 29 -7 146 0 0
75279 2 5 15 225 1 239
75379 0 29 -7 146 0 0
75379 2 5 15 225 1 239
75479 0 30 -7 154 0 0
75479 2 5 15 225 1 239
75580 0 30 -7 154 0 0
75580 2 5 15 225 1 239
75680 0 30 -8 154 0 0
75680 2 5 15 225 1 239
75779 0 30 -8 154 0 0
75779 2 5 15 225 1 244
75879 0 30 -8 154 0 0
75879 2 5 15 225 1 244
75979 0 30 -9 154 0 0
75979 2 5 15 225 1 244
76080 0 30 -9 154 0 0
76080 2 5 15 225 1 244
76180 0 31 -9 154 0 0
76180 2 5 15 225 1 244
76279 0 31 -10 154 0 0
76279 2 5 15 225 1 244
76379 0 31 -10 154 0 0
76379 2 5 15 225 1 244
76479 0 31 -10 154 0 0
76479 2 5 15 225 1 244
76580 0 31 -11 154 0 0
76580 2 5 15 225 1 244
76680 0 31 -11 154 0 0
76680 2 5 15 225 1 244
76779 0 32 -11 154 0 0
76779 2 5 15 225 1 246
76879 0 32 -12 154 0 0
76879 2 5 15 225 1 246
76979 0 32 -12 154 0 0
76979 2 5 15 225 1 246
77080 0 32 -12 154 0 0
77080 2 5 15 225 1 246
77180 0 32 -12 154 0 0
77180 2 5 15 225 1 246
77279 0 32 -13 154 0 0
77279 2 5 15 225 1 246
77379 0 32 -13 154 0 0
77379 2 5 15 225 1 246
77479 0 33 -13 154 0 0
77479 2 5 15 225 1 246
77580 0 33 -14 154 0 0
77580 2 5 15 225 1 246
77680 0 33 -14 154 0 0
77680 2 5 15 225 1 246
77779 0 33 -14 154 0 0
77779 2 5 15 225 1 245
77879 0 33 -15 154 0 0
77879 2 5 15 225 1 245
77979 0 33 -15 154 0 0
77979 2 5 15 225 1 245
78080 0 33 -15 154 0 0
78080 2 5 15 225 1 245
78180 0 34 -16 154 0 0
78180 2 5 15 225 1 245
78279 0 34 -16 154 0 0
78279 2 5 15 225 1 245
78379 0 34 -16 154 0 0
78379 2 5 15 225 1 245
78479 0 34 -17 154 0 0
78479 2 5 15 225 1 245
78580 0 34 -17 154 0 0
78580 2 5 15 225 1 245
78680 0 34 -17 154 0 0
78680 2 5 15 225 1 245
